{
  "advancedEditorSelectedIdentifier" : "ProjectBrowser",
  "openSceneRelativePaths" : [
    "Immersive.usda"
  ],
  "recentIdentifiers" : {
    "AF09ED6F-1707-48FD-8720-65B998362C09" : [

    ]
  },
  "sceneCameraHistory" : {
    "AF09ED6F-1707-48FD-8720-65B998362C09" : [
      {
        "date" : 729210467.258226,
        "title" : "Untitled",
        "transform" : [
          0.99964905,
          -4.6252886e-09,
          -0.026490154,
          0,
          -0.0029205175,
          0.99390405,
          -0.11021064,
          0,
          0.026328675,
          0.11024933,
          0.99355525,
          0,
          0.07755565,
          1.4284737,
          3.7921088,
          1
        ]
      },
      {
        "date" : 729208854.590237,
        "title" : "Untitled",
        "transform" : [
          0.99964917,
          -4.625289e-09,
          -0.026490157,
          0,
          -0.0029205175,
          0.99390405,
          -0.11021064,
          0,
          0.026328675,
          0.11024933,
          0.99355525,
          0,
          0.00504439,
          1.0956032,
          3.8309672,
          1
        ]
      },
      {
        "date" : 729208852.242437,
        "title" : "Untitled",
        "transform" : [
          0.99975926,
          -4.625289e-09,
          -0.021944376,
          0,
          -0.002419348,
          0.99390405,
          -0.11022278,
          0,
          0.021810604,
          0.11024933,
          0.9936647,
          0,
          -0.00861892,
          0.71080154,
          2.4151843,
          1
        ]
      },
      {
        "date" : 729208322.959758,
        "title" : "Untitled",
        "transform" : [
          0.99975926,
          -4.625289e-09,
          -0.021944376,
          0,
          -0.002419348,
          0.99390405,
          -0.11022278,
          0,
          0.021810604,
          0.11024933,
          0.9936647,
          0,
          -0.012496412,
          1.0305779,
          3.5917068,
          1
        ]
      },
      {
        "date" : 729207680.747528,
        "title" : "Untitled",
        "transform" : [
          0.99975926,
          -4.625289e-09,
          -0.021944376,
          0,
          -0.002419348,
          0.99390405,
          -0.11022278,
          0,
          0.021810604,
          0.11024933,
          0.9936647,
          0,
          0.04328359,
          0.20580031,
          3.6819932,
          1
        ]
      },
      {
        "date" : 729206991.703183,
        "title" : "Untitled",
        "transform" : [
          0.99975926,
          -4.625289e-09,
          -0.021944376,
          0,
          -0.002419348,
          0.99390405,
          -0.11022278,
          0,
          0.021810604,
          0.11024933,
          0.9936647,
          0,
          0.044027038,
          0.20955831,
          3.7158642,
          1
        ]
      },
      {
        "date" : 729206648.195648,
        "title" : "Untitled",
        "transform" : [
          0.99975926,
          -4.625289e-09,
          -0.021944376,
          0,
          -0.002419348,
          0.99390405,
          -0.11022278,
          0,
          0.021810604,
          0.11024933,
          0.9936647,
          0,
          0.04809167,
          0.23010442,
          3.9010444,
          1
        ]
      },
      {
        "date" : 729206593.918526,
        "title" : "Untitled",
        "transform" : [
          0.99975926,
          -4.625289e-09,
          -0.021944376,
          0,
          -0.002419348,
          0.99390405,
          -0.11022278,
          0,
          0.021810604,
          0.11024933,
          0.9936647,
          0,
          0.030144926,
          0.14423457,
          2.3706257,
          1
        ]
      },
      {
        "date" : 729206582.204739,
        "title" : "Untitled",
        "transform" : [
          0.99975926,
          -4.625289e-09,
          -0.021944376,
          0,
          -0.002419348,
          0.99390405,
          -0.11022278,
          0,
          0.021810604,
          0.11024933,
          0.9936647,
          0,
          0.034594152,
          0.16378234,
          3.0059218,
          1
        ]
      },
      {
        "date" : 729206572.049418,
        "title" : "Untitled",
        "transform" : [
          0.99975926,
          -4.625289e-09,
          -0.021944376,
          0,
          -0.002419348,
          0.99390405,
          -0.11022278,
          0,
          0.021810604,
          0.11024933,
          0.9936647,
          0,
          0.022332974,
          0.101803966,
          2.447318,
          1
        ]
      }
    ]
  }
}