{
  "advancedEditorSelectedIdentifier" : "ProjectBrowser",
  "openSceneRelativePaths" : [
    "Immersive.usda",
    "dogTest.usda"
  ],
  "recentIdentifiers" : {
    "AF09ED6F-1707-48FD-8720-65B998362C09" : [

    ]
  },
  "sceneCameraHistory" : {
    "AF09ED6F-1707-48FD-8720-65B998362C09" : [
      {
        "date" : 729708948.483129,
        "title" : "Untitled",
        "transform" : [
          0.31120223,
          1.8934454e-09,
          -0.9503437,
          0,
          -0.26217064,
          0.9611951,
          -0.08585115,
          0,
          0.9134657,
          0.2758693,
          0.29912612,
          0,
          0.39302656,
          0.19230327,
          0.3192886,
          1
        ]
      },
      {
        "date" : 729631831.750732,
        "title" : "Untitled",
        "transform" : [
          0.9999797,
          -4.6252886e-09,
          -0.0063668685,
          0,
          -0.0007019385,
          0.99390405,
          -0.1102471,
          0,
          0.0063280594,
          0.11024932,
          0.9938838,
          0,
          0.04516708,
          1.0866259,
          2.3824453,
          1
        ]
      },
      {
        "date" : 729630407.087205,
        "title" : "Untitled",
        "transform" : [
          0.99964905,
          -4.6252886e-09,
          -0.026490154,
          0,
          -0.0029205175,
          0.99390405,
          -0.11021064,
          0,
          0.026328675,
          0.11024933,
          0.99355525,
          0,
          0.28013182,
          1.2450709,
          3.807092,
          1
        ]
      },
      {
        "date" : 729210467.258226,
        "title" : "Untitled",
        "transform" : [
          0.99964905,
          -4.6252886e-09,
          -0.026490154,
          0,
          -0.0029205175,
          0.99390405,
          -0.11021064,
          0,
          0.026328675,
          0.11024933,
          0.99355525,
          0,
          0.07755565,
          1.4284737,
          3.7921088,
          1
        ]
      },
      {
        "date" : 729208854.590237,
        "title" : "Untitled",
        "transform" : [
          0.99964917,
          -4.625289e-09,
          -0.026490157,
          0,
          -0.0029205175,
          0.99390405,
          -0.11021064,
          0,
          0.026328675,
          0.11024933,
          0.99355525,
          0,
          0.00504439,
          1.0956032,
          3.8309672,
          1
        ]
      },
      {
        "date" : 729208852.242437,
        "title" : "Untitled",
        "transform" : [
          0.99975926,
          -4.625289e-09,
          -0.021944376,
          0,
          -0.002419348,
          0.99390405,
          -0.11022278,
          0,
          0.021810604,
          0.11024933,
          0.9936647,
          0,
          -0.00861892,
          0.71080154,
          2.4151843,
          1
        ]
      },
      {
        "date" : 729208322.959758,
        "title" : "Untitled",
        "transform" : [
          0.99975926,
          -4.625289e-09,
          -0.021944376,
          0,
          -0.002419348,
          0.99390405,
          -0.11022278,
          0,
          0.021810604,
          0.11024933,
          0.9936647,
          0,
          -0.012496412,
          1.0305779,
          3.5917068,
          1
        ]
      },
      {
        "date" : 729207680.747528,
        "title" : "Untitled",
        "transform" : [
          0.99975926,
          -4.625289e-09,
          -0.021944376,
          0,
          -0.002419348,
          0.99390405,
          -0.11022278,
          0,
          0.021810604,
          0.11024933,
          0.9936647,
          0,
          0.04328359,
          0.20580031,
          3.6819932,
          1
        ]
      },
      {
        "date" : 729206991.703183,
        "title" : "Untitled",
        "transform" : [
          0.99975926,
          -4.625289e-09,
          -0.021944376,
          0,
          -0.002419348,
          0.99390405,
          -0.11022278,
          0,
          0.021810604,
          0.11024933,
          0.9936647,
          0,
          0.044027038,
          0.20955831,
          3.7158642,
          1
        ]
      },
      {
        "date" : 729206648.195648,
        "title" : "Untitled",
        "transform" : [
          0.99975926,
          -4.625289e-09,
          -0.021944376,
          0,
          -0.002419348,
          0.99390405,
          -0.11022278,
          0,
          0.021810604,
          0.11024933,
          0.9936647,
          0,
          0.04809167,
          0.23010442,
          3.9010444,
          1
        ]
      }
    ],
    "EF99C1A7-284D-4F65-85BC-D2276EC1DB87" : [
      {
        "date" : 729620325.47052,
        "title" : "Untitled",
        "transform" : [
          0.9998332,
          1.0673478e-09,
          0.018260907,
          0,
          0.0074421098,
          0.913186,
          -0.40747526,
          0,
          -0.016675606,
          0.40754327,
          0.91303366,
          0,
          0.18101689,
          0.49771833,
          0.8065748,
          1
        ]
      },
      {
        "date" : 729620323.589701,
        "title" : "Untitled",
        "transform" : [
          0.9998332,
          1.0673478e-09,
          0.018260907,
          0,
          0.0074421098,
          0.913186,
          -0.40747526,
          0,
          -0.016675606,
          0.40754327,
          0.91303366,
          0,
          0.12899339,
          0.43374598,
          0.8341794,
          1
        ]
      },
      {
        "date" : 729550082.055449,
        "title" : "Untitled",
        "transform" : [
          0.9998332,
          1.0673478e-09,
          0.018260907,
          0,
          0.0074421098,
          0.913186,
          -0.40747526,
          0,
          -0.016675606,
          0.40754327,
          0.91303366,
          0,
          0.017457515,
          0.397996,
          0.84809965,
          1
        ]
      },
      {
        "date" : 729549989.714477,
        "title" : "Untitled",
        "transform" : [
          0.9998332,
          1.0673478e-09,
          0.018260907,
          0,
          0.0074421098,
          0.913186,
          -0.40747526,
          0,
          -0.016675606,
          0.40754327,
          0.91303366,
          0,
          -0.01565723,
          0.37917954,
          0.8558938,
          1
        ]
      },
      {
        "date" : 729549983.880707,
        "title" : "Untitled",
        "transform" : [
          1,
          0,
          0,
          0,
          0,
          0.7071069,
          -0.70710677,
          0,
          0,
          0.70710677,
          0.7071069,
          0,
          -0.00031295058,
          0.72595483,
          0.7361268,
          1
        ]
      },
      {
        "date" : 729548473.904416,
        "title" : "Untitled",
        "transform" : [
          1,
          0,
          0,
          0,
          0,
          0.7071069,
          -0.70710677,
          0,
          0,
          0.70710677,
          0.7071069,
          0,
          -0.00022688044,
          1.0292653,
          1.0366397,
          1
        ]
      },
      {
        "date" : 729547223.412151,
        "title" : "Untitled",
        "transform" : [
          1,
          0,
          0,
          0,
          0,
          0.8660254,
          -0.5,
          0,
          0,
          0.5,
          0.8660254,
          0,
          -0.00042320025,
          0.5429344,
          0.7629478,
          1
        ]
      },
      {
        "date" : 729547203.158083,
        "title" : "Untitled",
        "transform" : [
          1,
          0,
          0,
          0,
          0,
          0.8660254,
          -0.5,
          0,
          0,
          0.5,
          0.8660254,
          0,
          -0.0004408338,
          0.4429505,
          0.62555367,
          1
        ]
      },
      {
        "date" : 729547196.216407,
        "title" : "Untitled",
        "transform" : [
          1,
          0,
          0,
          0,
          0,
          0.8660254,
          -0.5,
          0,
          0,
          0.5,
          0.8660254,
          0,
          -0.0004954081,
          0.13350862,
          0.20033023,
          1
        ]
      },
      {
        "date" : 729547174.491518,
        "title" : "Untitled",
        "transform" : [
          1,
          0,
          0,
          0,
          0,
          0.8660254,
          -0.5,
          0,
          0,
          0.5,
          0.8660254,
          0,
          -0.00042489957,
          0.53330004,
          0.7497088,
          1
        ]
      }
    ]
  },
  "selectedSceneRelativePath" : "dogTest.usda"
}