{
  "advancedEditorSelectedIdentifier" : "ProjectBrowser",
  "openSceneRelativePaths" : [
    "Immersive.usda",
    "dogTest.usda"
  ],
  "recentIdentifiers" : {
    "AF09ED6F-1707-48FD-8720-65B998362C09" : [

    ],
    "EF99C1A7-284D-4F65-85BC-D2276EC1DB87" : [

    ]
  },
  "sceneCameraHistory" : {
    "AF09ED6F-1707-48FD-8720-65B998362C09" : [
      {
        "date" : 729708948.483129,
        "title" : "Untitled",
        "transform" : [
          0.31120223,
          1.8934454e-09,
          -0.9503437,
          0,
          -0.26217064,
          0.9611951,
          -0.08585115,
          0,
          0.9134657,
          0.2758693,
          0.29912612,
          0,
          0.39302656,
          0.19230327,
          0.3192886,
          1
        ]
      },
      {
        "date" : 729631831.750732,
        "title" : "Untitled",
        "transform" : [
          0.9999797,
          -4.6252886e-09,
          -0.0063668685,
          0,
          -0.0007019385,
          0.99390405,
          -0.1102471,
          0,
          0.0063280594,
          0.11024932,
          0.9938838,
          0,
          0.04516708,
          1.0866259,
          2.3824453,
          1
        ]
      },
      {
        "date" : 729630407.087205,
        "title" : "Untitled",
        "transform" : [
          0.99964905,
          -4.6252886e-09,
          -0.026490154,
          0,
          -0.0029205175,
          0.99390405,
          -0.11021064,
          0,
          0.026328675,
          0.11024933,
          0.99355525,
          0,
          0.28013182,
          1.2450709,
          3.807092,
          1
        ]
      },
      {
        "date" : 729210467.258226,
        "title" : "Untitled",
        "transform" : [
          0.99964905,
          -4.6252886e-09,
          -0.026490154,
          0,
          -0.0029205175,
          0.99390405,
          -0.11021064,
          0,
          0.026328675,
          0.11024933,
          0.99355525,
          0,
          0.07755565,
          1.4284737,
          3.7921088,
          1
        ]
      },
      {
        "date" : 729208854.590237,
        "title" : "Untitled",
        "transform" : [
          0.99964917,
          -4.625289e-09,
          -0.026490157,
          0,
          -0.0029205175,
          0.99390405,
          -0.11021064,
          0,
          0.026328675,
          0.11024933,
          0.99355525,
          0,
          0.00504439,
          1.0956032,
          3.8309672,
          1
        ]
      },
      {
        "date" : 729208852.242437,
        "title" : "Untitled",
        "transform" : [
          0.99975926,
          -4.625289e-09,
          -0.021944376,
          0,
          -0.002419348,
          0.99390405,
          -0.11022278,
          0,
          0.021810604,
          0.11024933,
          0.9936647,
          0,
          -0.00861892,
          0.71080154,
          2.4151843,
          1
        ]
      },
      {
        "date" : 729208322.959758,
        "title" : "Untitled",
        "transform" : [
          0.99975926,
          -4.625289e-09,
          -0.021944376,
          0,
          -0.002419348,
          0.99390405,
          -0.11022278,
          0,
          0.021810604,
          0.11024933,
          0.9936647,
          0,
          -0.012496412,
          1.0305779,
          3.5917068,
          1
        ]
      },
      {
        "date" : 729207680.747528,
        "title" : "Untitled",
        "transform" : [
          0.99975926,
          -4.625289e-09,
          -0.021944376,
          0,
          -0.002419348,
          0.99390405,
          -0.11022278,
          0,
          0.021810604,
          0.11024933,
          0.9936647,
          0,
          0.04328359,
          0.20580031,
          3.6819932,
          1
        ]
      },
      {
        "date" : 729206991.703183,
        "title" : "Untitled",
        "transform" : [
          0.99975926,
          -4.625289e-09,
          -0.021944376,
          0,
          -0.002419348,
          0.99390405,
          -0.11022278,
          0,
          0.021810604,
          0.11024933,
          0.9936647,
          0,
          0.044027038,
          0.20955831,
          3.7158642,
          1
        ]
      },
      {
        "date" : 729206648.195648,
        "title" : "Untitled",
        "transform" : [
          0.99975926,
          -4.625289e-09,
          -0.021944376,
          0,
          -0.002419348,
          0.99390405,
          -0.11022278,
          0,
          0.021810604,
          0.11024933,
          0.9936647,
          0,
          0.04809167,
          0.23010442,
          3.9010444,
          1
        ]
      }
    ],
    "EF99C1A7-284D-4F65-85BC-D2276EC1DB87" : [
      {
        "date" : 729809840.293678,
        "title" : "Untitled",
        "transform" : [
          -0.9987118,
          -1.3717529e-08,
          -0.050741844,
          0,
          -0.035207268,
          0.7201194,
          0.6929564,
          0,
          0.036540266,
          0.6938502,
          -0.71919173,
          0,
          0.059612975,
          0.8431352,
          -0.3052431,
          1
        ]
      },
      {
        "date" : 729809812.736271,
        "title" : "Untitled",
        "transform" : [
          -0.9987118,
          -1.3717529e-08,
          -0.050741844,
          0,
          -0.035207268,
          0.7201194,
          0.6929564,
          0,
          0.036540266,
          0.6938502,
          -0.71919173,
          0,
          0.003397807,
          0.5319581,
          -0.14696305,
          1
        ]
      },
      {
        "date" : 729809799.853118,
        "title" : "Untitled",
        "transform" : [
          -0.99676895,
          -1.3821507e-08,
          -0.080321945,
          0,
          -0.028359529,
          0.93559587,
          0.35193205,
          0,
          0.07514896,
          0.3530729,
          -0.9325729,
          0,
          0.1681402,
          0.6166788,
          -0.98183393,
          1
        ]
      },
      {
        "date" : 729804968.389251,
        "title" : "Untitled",
        "transform" : [
          0.9998332,
          1.0673478e-09,
          0.018260907,
          0,
          0.0074421098,
          0.913186,
          -0.40747526,
          0,
          -0.016675606,
          0.40754327,
          0.91303366,
          0,
          -0.17879146,
          1.7994002,
          3.2084107,
          1
        ]
      },
      {
        "date" : 729804884.556489,
        "title" : "Untitled",
        "transform" : [
          0.9998332,
          1.0673478e-09,
          0.018260907,
          0,
          0.0074421098,
          0.913186,
          -0.40747526,
          0,
          -0.016675606,
          0.40754327,
          0.91303366,
          0,
          -0.1531561,
          1.1728842,
          1.8047985,
          1
        ]
      },
      {
        "date" : 729804881.394616,
        "title" : "Untitled",
        "transform" : [
          0.9998332,
          1.0673478e-09,
          0.018260907,
          0,
          0.0074421098,
          0.913186,
          -0.40747526,
          0,
          -0.016675606,
          0.40754327,
          0.91303366,
          0,
          -0.14907473,
          1.0731372,
          1.581332,
          1
        ]
      },
      {
        "date" : 729801495.500702,
        "title" : "Untitled",
        "transform" : [
          0.9998332,
          1.0673478e-09,
          0.018260907,
          0,
          0.0074421098,
          0.913186,
          -0.40747526,
          0,
          -0.016675606,
          0.40754327,
          0.91303366,
          0,
          -0.17639165,
          1.7407492,
          3.0770097,
          1
        ]
      },
      {
        "date" : 729800965.194644,
        "title" : "Untitled",
        "transform" : [
          0.9998332,
          1.0673478e-09,
          0.018260907,
          0,
          0.0074421098,
          0.913186,
          -0.40747526,
          0,
          -0.016675606,
          0.40754327,
          0.91303366,
          0,
          0.46047002,
          1.2813499,
          2.0590832,
          1
        ]
      },
      {
        "date" : 729800931.743433,
        "title" : "Untitled",
        "transform" : [
          0.9998332,
          1.0673478e-09,
          0.018260907,
          0,
          0.0074421098,
          0.913186,
          -0.40747526,
          0,
          -0.016675606,
          0.40754327,
          0.91303366,
          0,
          0.23914082,
          0.657534,
          1.0655634,
          1
        ]
      },
      {
        "date" : 729620325.47052,
        "title" : "Untitled",
        "transform" : [
          0.9998332,
          1.0673478e-09,
          0.018260907,
          0,
          0.0074421098,
          0.913186,
          -0.40747526,
          0,
          -0.016675606,
          0.40754327,
          0.91303366,
          0,
          0.18101689,
          0.49771833,
          0.8065748,
          1
        ]
      }
    ]
  },
  "selectedSceneRelativePath" : "dogTest.usda"
}