{
  "advancedEditorSelectedIdentifier" : "ProjectBrowser",
  "openSceneRelativePaths" : [
    "Immersive.usda",
    "dogTest.usda"
  ],
  "recentIdentifiers" : {
    "AF09ED6F-1707-48FD-8720-65B998362C09" : [

    ],
    "EF99C1A7-284D-4F65-85BC-D2276EC1DB87" : [

    ]
  },
  "sceneCameraHistory" : {
    "AF09ED6F-1707-48FD-8720-65B998362C09" : [
      {
        "date" : 730405762.085677,
        "title" : "Untitled",
        "transform" : [
          0.9923638,
          5.5969194e-05,
          -0.123345315,
          0,
          -0.04017885,
          0.94560504,
          -0.32282636,
          0,
          0.11661789,
          0.32531708,
          0.93838644,
          0,
          0.18102482,
          0.47449663,
          0.842397,
          1
        ]
      },
      {
        "date" : 730405695.6805,
        "title" : "Untitled",
        "transform" : [
          0.9923638,
          5.5969194e-05,
          -0.123345315,
          0,
          -0.04017885,
          0.94560504,
          -0.32282636,
          0,
          0.11661789,
          0.32531708,
          0.93838644,
          0,
          0.12613231,
          0.3306141,
          0.5869553,
          1
        ]
      },
      {
        "date" : 730405318.097841,
        "title" : "Untitled",
        "transform" : [
          0.9923638,
          5.5969194e-05,
          -0.123345315,
          0,
          -0.04017885,
          0.94560504,
          -0.32282636,
          0,
          0.11661789,
          0.32531708,
          0.93838644,
          0,
          0.71316904,
          1.8693372,
          3.3187253,
          1
        ]
      },
      {
        "date" : 730405315.101055,
        "title" : "Untitled",
        "transform" : [
          0.6720158,
          5.5969158e-05,
          -0.74053687,
          0,
          -0.25232556,
          0.9401773,
          -0.2289071,
          0,
          0.69622314,
          0.34068555,
          0.63182807,
          0,
          2.8784056,
          1.9257118,
          2.2696064,
          1
        ]
      },
      {
        "date" : 730405293.050376,
        "title" : "Untitled",
        "transform" : [
          0.9901161,
          5.597194e-05,
          -0.14025031,
          0,
          -0.029955253,
          0.977009,
          -0.21108326,
          0,
          0.137014,
          0.21319817,
          0.967354,
          0,
          0.7769985,
          1.4633425,
          3.3482065,
          1
        ]
      },
      {
        "date" : 730405279.690281,
        "title" : "Untitled",
        "transform" : [
          0.9972586,
          2.2237692e-09,
          -0.07399496,
          0,
          -0.027232802,
          0.92981154,
          -0.36702693,
          0,
          0.06880138,
          0.36803588,
          0.9272626,
          0,
          0.97982335,
          1.9127275,
          3.1399007,
          1
        ]
      },
      {
        "date" : 730405132.157473,
        "title" : "Untitled",
        "transform" : [
          0.98346573,
          1.5913582e-09,
          -0.18109398,
          0,
          -0.04714832,
          0.9655135,
          -0.25604802,
          0,
          0.1748487,
          0.26035276,
          0.94954956,
          0,
          1.3481733,
          1.5375422,
          3.2087302,
          1
        ]
      },
      {
        "date" : 730405123.166859,
        "title" : "Untitled",
        "transform" : [
          0.9683866,
          3.7451864e-09,
          -0.24945424,
          0,
          -0.05400687,
          0.9762826,
          -0.20965578,
          0,
          0.24353784,
          0.21650009,
          0.94541895,
          0,
          1.7605003,
          0.45107865,
          2.744891,
          1
        ]
      },
      {
        "date" : 730405114.392707,
        "title" : "Untitled",
        "transform" : [
          0.925425,
          -3.3629632e-10,
          -0.37893075,
          0,
          -0.20168005,
          0.8465969,
          -0.4925432,
          0,
          0.3208016,
          0.53223455,
          0.78346205,
          0,
          1.5713588,
          1.5475318,
          2.6230924,
          1
        ]
      },
      {
        "date" : 730405061.311234,
        "title" : "Untitled",
        "transform" : [
          0.9870673,
          -2.6781333e-10,
          -0.16030657,
          0,
          -0.084802076,
          0.8486222,
          -0.52215797,
          0,
          0.13603972,
          0.5289994,
          0.8376472,
          0,
          0.9256427,
          1.5364083,
          2.7723346,
          1
        ]
      }
    ],
    "EF99C1A7-284D-4F65-85BC-D2276EC1DB87" : [
      {
        "date" : 729809840.293678,
        "title" : "Untitled",
        "transform" : [
          -0.9987118,
          -1.3717529e-08,
          -0.050741844,
          0,
          -0.035207268,
          0.7201194,
          0.6929564,
          0,
          0.036540266,
          0.6938502,
          -0.71919173,
          0,
          0.059612975,
          0.8431352,
          -0.3052431,
          1
        ]
      },
      {
        "date" : 729809812.736271,
        "title" : "Untitled",
        "transform" : [
          -0.9987118,
          -1.3717529e-08,
          -0.050741844,
          0,
          -0.035207268,
          0.7201194,
          0.6929564,
          0,
          0.036540266,
          0.6938502,
          -0.71919173,
          0,
          0.003397807,
          0.5319581,
          -0.14696305,
          1
        ]
      },
      {
        "date" : 729809799.853118,
        "title" : "Untitled",
        "transform" : [
          -0.99676895,
          -1.3821507e-08,
          -0.080321945,
          0,
          -0.028359529,
          0.93559587,
          0.35193205,
          0,
          0.07514896,
          0.3530729,
          -0.9325729,
          0,
          0.1681402,
          0.6166788,
          -0.98183393,
          1
        ]
      },
      {
        "date" : 729804968.389251,
        "title" : "Untitled",
        "transform" : [
          0.9998332,
          1.0673478e-09,
          0.018260907,
          0,
          0.0074421098,
          0.913186,
          -0.40747526,
          0,
          -0.016675606,
          0.40754327,
          0.91303366,
          0,
          -0.17879146,
          1.7994002,
          3.2084107,
          1
        ]
      },
      {
        "date" : 729804884.556489,
        "title" : "Untitled",
        "transform" : [
          0.9998332,
          1.0673478e-09,
          0.018260907,
          0,
          0.0074421098,
          0.913186,
          -0.40747526,
          0,
          -0.016675606,
          0.40754327,
          0.91303366,
          0,
          -0.1531561,
          1.1728842,
          1.8047985,
          1
        ]
      },
      {
        "date" : 729804881.394616,
        "title" : "Untitled",
        "transform" : [
          0.9998332,
          1.0673478e-09,
          0.018260907,
          0,
          0.0074421098,
          0.913186,
          -0.40747526,
          0,
          -0.016675606,
          0.40754327,
          0.91303366,
          0,
          -0.14907473,
          1.0731372,
          1.581332,
          1
        ]
      },
      {
        "date" : 729801495.500702,
        "title" : "Untitled",
        "transform" : [
          0.9998332,
          1.0673478e-09,
          0.018260907,
          0,
          0.0074421098,
          0.913186,
          -0.40747526,
          0,
          -0.016675606,
          0.40754327,
          0.91303366,
          0,
          -0.17639165,
          1.7407492,
          3.0770097,
          1
        ]
      },
      {
        "date" : 729800965.194644,
        "title" : "Untitled",
        "transform" : [
          0.9998332,
          1.0673478e-09,
          0.018260907,
          0,
          0.0074421098,
          0.913186,
          -0.40747526,
          0,
          -0.016675606,
          0.40754327,
          0.91303366,
          0,
          0.46047002,
          1.2813499,
          2.0590832,
          1
        ]
      },
      {
        "date" : 729800931.743433,
        "title" : "Untitled",
        "transform" : [
          0.9998332,
          1.0673478e-09,
          0.018260907,
          0,
          0.0074421098,
          0.913186,
          -0.40747526,
          0,
          -0.016675606,
          0.40754327,
          0.91303366,
          0,
          0.23914082,
          0.657534,
          1.0655634,
          1
        ]
      },
      {
        "date" : 729620325.47052,
        "title" : "Untitled",
        "transform" : [
          0.9998332,
          1.0673478e-09,
          0.018260907,
          0,
          0.0074421098,
          0.913186,
          -0.40747526,
          0,
          -0.016675606,
          0.40754327,
          0.91303366,
          0,
          0.18101689,
          0.49771833,
          0.8065748,
          1
        ]
      }
    ]
  },
  "selectedSceneRelativePath" : "Immersive.usda"
}